v1 579 400 495
v3 356 137 255
v4 220 51 194
v5 278 99 277
v6 282 80 233
v7 431 123 255
v8 192 89 170
v9 190 95 189
v10 296 140 250
v11 378 121 377
v12 214 70 190
v14 164 101 163
v15 332 138 223
v16 313 105 184
v18 163 87 162
v19 92 45 91
v20 341 145 340
v22 177 75 176
v23 234 104 233
v24 209 81 184
v25 369 175 331
v26 264 140 244
v27 234 103 233
v28 154 36 129
v29 343 166 317
v30 587 457 586
v31 166 34 150
v32 266 60 147
v33 106 40 105
v34 101 53 100
v35 71 27 70
v36 93 37 92
v37 78 36 77
v38 86 40 85
v39 113 76 112
v40 68 20 67
v43 283 149 261
v46 168 62 151
v47 221 105 184
v48 234 10 157
v49 263 100 262
v50 293 89 292
v51 270 121 269
v52 171 113 170
v53 237 122 222
v54 187 51 166
v55 244 93 243
